[main]
mymaxarmour=100
bordercolor=4278190080
FrameBorderSize=1.2400000095367
mymaxhp=100
fontsize=35
wincolor=4278190080
font=EuropaNuovaBold
FPSalign=0
showFPS=false
textalign=0
showarmour=true
text=by Willy4ka
fx=0
weapalign=0
healthbgcolor=0
armourtextcolor=4278190080
fy=0
showtext=false
showweapon=false
fz=0
bone=1
armourbgcolor=4278190080
healthbordercolor=4294967295
armourcolor=4285554282
healthcolor=4288980132
itemwidth=160
armourbordercolor=4294967295
showhp=true
enabled=true
rouding=0
healthtextcolor=4278190080
