 [sensfix]
 aiming_sniper=0.003000
 aiming=0.003000
 global=0.003500
